[[0,0,4.8],
[0,1,4.3],
[0,2,4.5],
[0,3,4.8],
[0,4,5],
[0,5,4.7],
[0,6,5.9],
[0,7,5.4],
[0,8,5.5],
[0,9,5.5],
[1,0,5.2],
[1,1,4.8],
[1,2,4.8],
[1,3,4.8],
[1,4,5.2],
[1,5,4.9],
[1,6,6.4],
[1,7,6],
[1,8,6.5],
[1,9,6.5],
[2,0,5.5],
[2,1,4.9],
[2,2,5],
[2,3,5],
[2,4,5.3],
[2,5,5.4],
[2,6,6.5],
[2,7,6.1],
[2,8,6.5],
[2,9,6.6],
[3,0,4.7],
[3,1,4.7],
[3,2,4.7],
[3,3,5],
[3,4,4.9],
[3,5,5],
[3,6,6.1],
[3,7,5.7],
[3,8,5.7],
[3,9,6.2],
[4,0,5.9],
[4,1,5.6],
[4,2,4.7],
[4,3,5],
[4,4,5.7],
[4,5,5.7],
[4,6,5.9],
[4,7,5.7],
[4,8,5.8],
[4,9,5.7],
[5,0,5.2],
[5,1,4.9],
[5,2,5],
[5,3,5.3],
[5,4,4.9],
[5,5,5.1],
[5,6,6],
[5,7,5.8],
[5,8,6.4],
[5,9,6],
[6,0,5.3],
[6,1,5.1],
[6,2,5.6],
[6,3,5.6],
[6,4,5.4],
[6,5,5.7],
[6,6,6.3],
[6,7,6.3],
[6,8,6.3],
[6,9,6.4],
[7,0,6],
[7,1,5.3],
[7,2,5.6],
[7,3,5.9],
[7,4,5.8],
[7,5,6.4],
[7,6,6.5],
[7,7,6.9],
[7,8,6.9],
[7,9,6.8],
[8,0,6.1],
[8,1,5.7],
[8,2,6.3],
[8,3,5.8],
[8,4,5.6],
[8,5,5.7],
[8,6,6.6],
[8,7,7],
[8,8,6.9],
[8,9,6.9],
[9,0,5.8],
[9,1,5.5],
[9,2,5.9],
[9,3,5.8],
[9,4,5.8],
[9,5,6],
[9,6,6.7],
[9,7,6.5],
[9,8,6.4],
[9,9,6.5],
[10,0,6.4],
[10,1,6.4],
[10,2,6.3],
[10,3,6.6],
[10,4,6.3],
[10,5,6.8],
[10,6,6.8],
[10,7,6.3],
[10,8,6.8],
[10,9,6.4],
[11,0,6.5],
[11,1,6.6],
[11,2,7],
[11,3,6.8],
[11,4,7.2],
[11,5,6.9],
[11,6,6.9],
[11,7,6.8],
[11,8,7],
[11,9,6.8],
[12,0,7.3],
[12,1,7.2],
[12,2,7.4],
[12,3,7.4],
[12,4,7.3],
[12,5,7.4],
[12,6,7.5],
[12,7,7.6],
[12,8,7.3],
[12,9,7.5],
[13,0,7.2],
[13,1,7.1],
[13,2,7],
[13,3,7.2],
[13,4,6.9],
[13,5,7.2],
[13,6,7.3],
[13,7,7.4],
[13,8,7.3],
[13,9,7.4]]